res1 98.28900267 23.08566961 1 8.315529759 12.7159473
res1 98.28900267 23.08566961 5 4.686064683 3.570631087
res1 98.28900267 23.08566961 6 14.12461361 11.33406641
res1 98.28900267 23.08566961 9 15.18876944 8.754619434
res2 48.15052405 84.34850545 3 9.668786197 1.828690055
res2 48.15052405 84.34850545 5 6.962092869 9.559253009
res2 48.15052405 84.34850545 8 1.998436142 19.57462047
res2 48.15052405 84.34850545 10 13.80694761 0.054150654
res3 17.73214353 49.52586573 2 12.2070395 9.997004716
res3 17.73214353 49.52586573 4 0.113536145 14.57782165
res3 17.73214353 49.52586573 7 12.74659755 13.43767543
res4 72.05505998 30.66667158 1 3.450503297 12.37681214
res4 72.05505998 30.66667158 3 9.532838618 3.838622277
res4 72.05505998 30.66667158 9 14.87081486 1.154818624
res4 72.05505998 30.66667158 10 9.226836506 8.637018267
res5 43.87962782 26.89774765 4 11.89258901 16.89889456
res5 43.87962782 26.89774765 5 5.681145343 15.73589844
res5 43.87962782 26.89774765 8 19.59126207 7.450415474
res6 8.138992073 48.43935464 4 14.15613055 18.8841713
res6 8.138992073 48.43935464 6 6.696696273 13.79683604
res6 8.138992073 48.43935464 8 14.27957035 14.72817226
res7 83.87537167 57.5488175 1 18.09884125 1.167060388
res7 83.87537167 57.5488175 2 3.753487847 19.04165106
res7 83.87537167 57.5488175 3 5.664353355 9.258587735
res7 83.87537167 57.5488175 7 0.127155434 8.050462382
res7 83.87537167 57.5488175 10 4.343221203 4.472152528
res8 73.56548973 47.53741201 2 19.76202254 5.400944299
res8 73.56548973 47.53741201 6 15.24542057 4.417215886
res8 73.56548973 47.53741201 7 13.97262756 13.88235011
res8 73.56548973 47.53741201 10 16.3157188 18.70578699
